Data/SBE19plus_01908365_2025_10_15.cnv
* Sea-Bird SBE19plus  Data File:
* FileName = C:\Users\marecotec\Desktop\PS2610\Data recovery\SBE19plus_01908365_2025_10_15.hex
* Software version 2.8.0.119
* Temperature SN = 8365
* Conductivity SN = 8365
* System UpLoad Time = Oct 15 2025 13:33:28
* <ApplicationData>
* <Seaterm232>
# nquan = 13
# nvalues = 5209                                  
# units = specified
# name 0 = depSM: Depth [salt water, m], lat = 28.00
# name 1 = potemp090C: Potential Temperature [ITS-90, deg C]
# name 2 = sal00: Salinity, Practical [PSU]
# name 3 = tv290C: Temperature [ITS-90, deg C]
# name 4 = density00: Density [density, kg/m^3]
# name 5 = sigma-é00: Density [sigma-theta, kg/m^3]
# name 6 = timeS: Time, Elapsed [seconds]
# name 7 = flECO-AFL: Fluorescence, WET Labs ECO-AFL/FL [mg/m^3]
# name 8 = sbeox0Mg/L: Oxygen, SBE 43 [mg/l]
# name 9 = sbeox0Mg/L: Oxygen, SBE 43 [mg/l]
# name 10 = sbeox0ML/L: Oxygen, SBE 43 [ml/l]
# name 11 = turbWETntu0: Turbidity, WET Labs ECO [NTU]
# name 12 = flag:  0.000e+00
# span 0 =   1049.269,   1050.366                 
# span 1 =     4.2830,     5.0928                 
# span 2 =    34.9160,    34.9492                 
# span 3 =     4.3674,     5.1837                 
# span 4 =  1032.4360,  1032.5763                 
# span 5 =    27.5986,    27.7156                 
# span 6 =      0.000, 37497600.0                 
# span 7 =    -0.0134,     9.8218                 
# span 8 =     5.2683,     6.3327                 
# span 9 =     5.2683,     6.3327                 
# span 10 =     3.6864,     4.4312                
# span 11 =     0.1098,     9.7753                
# span 12 = 0.0000e+00, 0.0000e+00                
# interval = seconds: 7200
# start_time = Aug 07 2024 12:00:20 [Instrument's time stamp, first data scan]
# bad_flag = -9.990e-29
*END*
[from data line 3556]
   1049.886     4.7470    34.9302     4.8352  1032.4969    27.6491 25603200.0    -0.0037     5.6066     5.6066     3.9232     0.6037  0.000e+00
   1049.763     4.7588    34.9300     4.8470  1032.4946    27.6476 25610400.0     0.0054     5.5770     5.5770     3.9025     0.7018  0.000e+00
   1049.600     4.7821    34.9304     4.8705  1032.4908    27.6452 25617600.0     0.0210     5.5393     5.5393     3.8760     0.6344  0.000e+00
   1049.474     4.7812    34.9305     4.8696  1032.4904    27.6454 25624800.0     0.0118     5.5260     5.5260     3.8668     0.6652  0.000e+00
   1049.447     4.7325    34.9316     4.8205  1032.4981    27.6519 25632000.0     0.0054     5.6194     5.6194     3.9321     0.4453  0.000e+00
   1049.484     4.7176    34.9319     4.8055  1032.5006    27.6538 25639200.0     0.0132     5.6403     5.6403     3.9467     0.4633  0.000e+00
   1049.534     4.7520    34.9292     4.8401  1032.4939    27.6478 25646400.0     0.0050     5.5938     5.5938     3.9142     0.5055  0.000e+00
   1049.676     4.8490    34.9274     4.9380  1032.4794    27.6352 25653600.0     0.0095     5.4773     5.4773     3.8327     0.4408  0.000e+00
   1049.871     4.7889    34.9286     4.8774  1032.4897    27.6430 25660800.0    -0.0024     5.5454     5.5454     3.8803     0.4475  0.000e+00
   1049.938     4.7951    34.9285     4.8836  1032.4891    27.6423 25668000.0     0.0182     5.5449     5.5449     3.8800     0.4575  0.000e+00
   1050.102     4.7550    34.9298     4.8432  1032.4965    27.6479 25675200.0     0.0077     5.5874     5.5874     3.9097     0.4116  0.000e+00
   1050.057     4.7443    34.9304     4.8324  1032.4983    27.6496 25682400.0     0.0050     5.5995     5.5995     3.9182     0.5055  0.000e+00
   1049.955     4.7609    34.9304     4.8491  1032.4954    27.6477 25689600.0     0.0004     5.5936     5.5936     3.9141     0.5166  0.000e+00
   1049.872     4.8375    34.9259     4.9264  1032.4807    27.6353 25696800.0     0.0054     5.5050     5.5050     3.8521     0.4928  0.000e+00
   1049.704     4.7797    34.9295     4.8681  1032.4909    27.6448 25704000.0     0.0095     5.5542     5.5542     3.8865     0.4728  0.000e+00
   1049.664     4.7632    34.9298     4.8514  1032.4934    27.6470 25711200.0     0.0187     5.5748     5.5748     3.9009     0.5087  0.000e+00
   1049.516     4.7816    34.9291     4.8700  1032.4895    27.6443 25718400.0     0.0072     5.5518     5.5518     3.8849     0.4856  0.000e+00
   1049.557     4.7396    34.9308     4.8276  1032.4969    27.6504 25725600.0     0.0164     5.6105     5.6105     3.9259     0.4751  0.000e+00
   1049.603     4.8388    34.9270     4.9277  1032.4802    27.6361 25732800.0     0.0118     5.4894     5.4894     3.8411     0.4678  0.000e+00
   1049.673     4.8385    34.9256     4.9273  1032.4795    27.6350 25740000.0     0.0127     5.4839     5.4839     3.8373     0.5158  0.000e+00
   1049.796     4.8176    34.9278     4.9063  1032.4847    27.6391 25747200.0     0.0150     5.5082     5.5082     3.8543     0.5686  0.000e+00
   1049.895     4.7965    34.9285     4.8851  1032.4887    27.6421 25754400.0     0.0146     5.5382     5.5382     3.8753     0.5764  0.000e+00
   1050.055     4.7412    34.9304     4.8293  1032.4987    27.6499 25761600.0    -0.0042     5.6046     5.6046     3.9217     0.5818  0.000e+00
   1050.020     4.7644    34.9297     4.8527  1032.4947    27.6467 25768800.0     0.0182     5.5787     5.5787     3.9036     0.6590  0.000e+00
   1049.979     4.7470    34.9308     4.8352  1032.4978    27.6496 25776000.0     0.0091     5.6124     5.6124     3.9272     0.6449  0.000e+00
   1049.841     4.7186    34.9316     4.8065  1032.5018    27.6534 25783200.0     0.0068     5.6389     5.6389     3.9458     0.6312  0.000e+00
   1049.824     4.7178    34.9320     4.8057  1032.5022    27.6538 25790400.0     0.0191     5.6336     5.6336     3.9421     0.5056  0.000e+00
   1049.783     4.7231    34.9314     4.8110  1032.5008    27.6528 25797600.0     0.0109     5.6347     5.6347     3.9429     0.5383  0.000e+00
   1049.659     4.7766    34.9323     4.8649  1032.4934    27.6474 25804800.0     0.0036     5.5199     5.5199     3.8625     0.3982  0.000e+00
   1049.654     4.7738    34.9292     4.8622  1032.4913    27.6453 25812000.0     0.0201     5.5816     5.5816     3.9057     0.4569  0.000e+00
   1049.662     4.8122    34.9284     4.9009  1032.4853    27.6403 25819200.0     0.0082     5.5342     5.5342     3.8725     0.5050  0.000e+00
   1049.712     4.8391    34.9272     4.9280  1032.4808    27.6362 25826400.0     0.0086     5.4898     5.4898     3.8414     0.4827  0.000e+00
   1049.791     4.7849    34.9291     4.8733  1032.4903    27.6439 25833600.0     0.0059     5.5486     5.5486     3.8826     0.5387  0.000e+00
   1049.881     4.7973    34.9285     4.8858  1032.4885    27.6420 25840800.0     0.0050     5.5411     5.5411     3.8774     0.4804  0.000e+00
   1049.951     4.7213    34.9315     4.8093  1032.5019    27.6531 25848000.0     0.0155     5.6234     5.6234     3.9349     0.4508  0.000e+00
   1049.926     4.7056    34.9321     4.7934  1032.5044    27.6553 25855200.0     0.0027     5.6458     5.6458     3.9506     0.4559  0.000e+00
   1049.897     4.6717    34.9343     4.7592  1032.5108    27.6609 25862400.0     0.0036     5.7003     5.7003     3.9887     0.4305  0.000e+00
   1049.906     4.7537    34.9298     4.8419  1032.4958    27.6480 25869600.0     0.0141     5.5980     5.5980     3.9172     0.4539  0.000e+00
   1049.823     4.7232    34.9316     4.8112  1032.5011    27.6529 25876800.0     0.0118     5.6275     5.6275     3.9378     0.4882  0.000e+00
   1049.755     4.8063    34.9280     4.8949  1032.4863    27.6406 25884000.0     0.0059     5.5097     5.5097     3.8554     0.5142  0.000e+00
   1049.706     4.7917    34.9289     4.8802  1032.4888    27.6430 25891200.0    -0.0001     5.5297     5.5297     3.8693     0.4240  0.000e+00
   1049.682     4.7916    34.9291     4.8801  1032.4889    27.6431 25898400.0    -0.0019     5.5585     5.5585     3.8895     0.3840  0.000e+00
   1049.771     4.7852    34.9293     4.8736  1032.4903    27.6440 25905600.0     0.0031     5.5587     5.5587     3.8897     0.5370  0.000e+00
   1049.799     4.7419    34.9316     4.8300  1032.4984    27.6508 25912800.0    -0.0010     5.5989     5.5989     3.9178     0.5557  0.000e+00
   1049.876     4.6763    34.9331     4.7639  1032.5091    27.6594 25920000.0     0.0036     5.6772     5.6772     3.9725     0.5511  0.000e+00
   1049.883     4.6667    34.9334     4.7542  1032.5107    27.6607 25927200.0     0.0105     5.6755     5.6755     3.9714     0.5889  0.000e+00
   1049.920     4.6773    34.9315     4.7649  1032.5079    27.6580 25934400.0     0.0123     5.6767     5.6767     3.9722     0.6051  0.000e+00
   1049.941     4.6474    34.9343     4.7348  1032.5144    27.6636 25941600.0     0.0159     5.7234     5.7234     4.0049     0.6909  0.000e+00
   1049.859     4.6934    34.9325     4.7811  1032.5061    27.6570 25948800.0     0.0159     5.6730     5.6730     3.9697     0.4989  0.000e+00
   1049.806     4.7304    34.9303     4.8184  1032.4990    27.6511 25956000.0     0.0114     5.6356     5.6356     3.9435     0.5865  0.000e+00
   1049.758     4.7262    34.9314     4.8141  1032.5002    27.6524 25963200.0     0.0091     5.6308     5.6308     3.9401     0.3759  0.000e+00
   1049.822     4.7194    34.9320     4.8073  1032.5019    27.6536 25970400.0     0.0109     5.6384     5.6384     3.9454     0.3991  0.000e+00
   1049.762     4.6996    34.9326     4.7873  1032.5049    27.6563 25977600.0     0.0091     5.6622     5.6622     3.9621     0.3753  0.000e+00
   1049.823     4.7229    34.9312     4.8109  1032.5009    27.6527 25984800.0     0.0077     5.6298     5.6298     3.9394     0.4899  0.000e+00
   1049.822     4.6799    34.9330     4.7675  1032.5082    27.6589 25992000.0     0.0137     5.6709     5.6709     3.9681     0.4704  0.000e+00
   1049.814     4.6479    34.9341     4.7352  1032.5136    27.6634 25999200.0     0.0054     5.7111     5.7111     3.9963     0.5523  0.000e+00
   1049.877     4.6126    34.9354     4.6997  1032.5198    27.6684 26006400.0     0.0086     5.7576     5.7576     4.0288     0.5529  0.000e+00
   1049.898     4.6031    34.9357     4.6901  1032.5214    27.6697 26013600.0     0.3030     5.7671     5.7671     4.0354     4.8898  0.000e+00
   1049.900     4.6752    34.9333     4.7628  1032.5095    27.6597 26020800.0     0.0004     5.6769     5.6769     3.9724     0.5744  0.000e+00
   1049.796     4.6987    34.9325     4.7865  1032.5051    27.6564 26028000.0     0.0191     5.6699     5.6699     3.9675     0.5306  0.000e+00
   1049.757     4.7008    34.9324     4.7886  1032.5045    27.6561 26035200.0    -0.0024     5.6643     5.6643     3.9635     0.6730  0.000e+00
   1049.784     4.6881    34.9333     4.7757  1032.5072    27.6583 26042400.0     0.0008     5.6654     5.6654     3.9643     0.4991  0.000e+00
   1049.654     4.7169    34.9317     4.8048  1032.5013    27.6537 26049600.0     0.0018     5.6412     5.6412     3.9474     0.5087  0.000e+00
   1049.710     4.6784    34.9332     4.7660  1032.5081    27.6593 26056800.0     0.0105     5.6805     5.6805     3.9749     0.4060  0.000e+00
   1049.799     4.6779    34.9333     4.7655  1032.5087    27.6594 26064000.0     0.0059     5.6925     5.6925     3.9832     0.4901  0.000e+00
   1049.841     4.6739    34.9334     4.7615  1032.5095    27.6599 26071200.0     0.0155     5.6809     5.6809     3.9751     0.5218  0.000e+00
   1049.862     4.6878    34.9327     4.7755  1032.5071    27.6578 26078400.0     0.0164     5.6663     5.6663     3.9649     0.5010  0.000e+00
   1049.900     4.6648    34.9338     4.7523  1032.5113    27.6612 26085600.0     0.0141     5.6850     5.6850     3.9780     0.4946  0.000e+00
   1049.958     4.7646    34.9315     4.8528  1032.4959    27.6482 26092800.0     0.0127     5.5584     5.5584     3.8894     0.5277  0.000e+00
   1049.836     4.6810    34.9327     4.7687  1032.5080    27.6586 26100000.0     0.0059     5.6631     5.6631     3.9627     0.4644  0.000e+00
   1049.838     4.6583    34.9346     4.7458  1032.5126    27.6626 26107200.0    -0.0005     5.6912     5.6912     3.9824     0.5447  0.000e+00
   1049.718     4.7004    34.9322     4.7881  1032.5043    27.6560 26114400.0     0.0045     5.6487     5.6487     3.9526     0.5410  0.000e+00
   1049.712     4.6817    34.9340     4.7693  1032.5083    27.6595 26121600.0     0.0146     5.6830     5.6830     3.9767     0.6521  0.000e+00
   1049.648     4.6798    34.9331     4.7674  1032.5076    27.6590 26128800.0     0.0196     5.6886     5.6886     3.9806     0.4824  0.000e+00
   1049.719     4.7332    34.9312     4.8212  1032.4989    27.6515 26136000.0     0.0118     5.6343     5.6343     3.9426     0.5660  0.000e+00
   1049.781     4.6980    34.9322     4.7858  1032.5049    27.6562 26143200.0     0.0054     5.6720     5.6720     3.9689     0.4899  0.000e+00
   1049.883     4.6726    34.9333     4.7601  1032.5098    27.6600 26150400.0     0.0210     5.7028     5.7028     3.9905     0.4989  0.000e+00
   1049.920     4.6523    34.9343     4.7397  1032.5136    27.6631 26157600.0     0.0095     5.7238     5.7238     4.0052     0.5009  0.000e+00
   1050.000     4.6381    34.9347     4.7254  1032.5163    27.6650 26164800.0     0.0109     5.7378     5.7378     4.0150     0.5142  0.000e+00
   1049.933     4.6590    34.9335     4.7465  1032.5121    27.6617 26172000.0     0.0141     5.7007     5.7007     3.9890     0.5267  0.000e+00
   1049.946     4.7202    34.9317     4.8082  1032.5022    27.6534 26179200.0     0.0095     5.6284     5.6284     3.9384     0.5175  0.000e+00
   1049.948     4.7264    34.9312     4.8144  1032.5009    27.6522 26186400.0     0.0191     5.6283     5.6283     3.9384     0.4991  0.000e+00
   1049.864     4.7271    34.9313     4.8151  1032.5005    27.6523 26193600.0     0.0141     5.6236     5.6236     3.9350     0.5387  0.000e+00
   1049.738     4.6923    34.9326     4.7800  1032.5059    27.6572 26200800.0     0.0105     5.6438     5.6438     3.9492     0.5763  0.000e+00
   1049.779     4.7096    34.9323     4.7974  1032.5033    27.6550 26208000.0     0.0018     5.6344     5.6344     3.9426     0.5703  0.000e+00
   1049.651     4.6936    34.9325     4.7813  1032.5052    27.6570 26215200.0     0.0150     5.6729     5.6729     3.9696     0.6069  0.000e+00
   1049.637     4.7211    34.9315     4.8090  1032.5004    27.6530 26222400.0     0.0063     5.6429     5.6429     3.9486     0.6236  0.000e+00
   1049.614     4.7299    34.9310     4.8178  1032.4987    27.6517 26229600.0     0.0187     5.6313     5.6313     3.9405     0.2563  0.000e+00
   1049.733     4.6739    34.9335     4.7614  1032.5091    27.6600 26236800.0     0.0022     5.6991     5.6991     3.9879     0.3462  0.000e+00
   1049.902     4.6538    34.9340     4.7412  1032.5131    27.6627 26244000.0     0.0018     5.7251     5.7251     4.0061     0.3140  0.000e+00
   1049.861     4.6466    34.9343     4.7340  1032.5141    27.6637 26251200.0     0.0054     5.7299     5.7299     4.0095     0.4524  0.000e+00
   1050.025     4.7038    34.9318     4.7916  1032.5049    27.6553 26258400.0     0.0004     5.6537     5.6537     3.9562     0.4098  0.000e+00
   1049.999     4.6865    34.9328     4.7742  1032.5080    27.6580 26265600.0     0.0095     5.6689     5.6689     3.9667     0.4299  0.000e+00
   1049.990     4.6733    34.9333     4.7609  1032.5102    27.6599 26272800.0     0.0114     5.6902     5.6902     3.9817     0.3867  0.000e+00
   1049.920     4.6560    34.9340     4.7434  1032.5129    27.6624 26280000.0     0.0040     5.7061     5.7061     3.9928     0.4350  0.000e+00
   1049.709     4.6575    34.9340     4.7449  1032.5117    27.6623 26287200.0    -0.0134     5.6958     5.6958     3.9856     0.4531  0.000e+00
   1049.649     4.6675    34.9335     4.7550  1032.5096    27.6607 26294400.0     0.0095     5.6920     5.6920     3.9829     0.5258  0.000e+00
   1049.610     4.6909    34.9331     4.7785  1032.5059    27.6578 26301600.0     0.0091     5.6648     5.6648     3.9639     0.6068  0.000e+00
   1049.550     4.7406    34.9308     4.8286  1032.4968    27.6503 26308800.0     0.0050     5.6183     5.6183     3.9313     0.6140  0.000e+00
   1049.678     4.7255    34.9313     4.8134  1032.4999    27.6524 26316000.0     0.0036     5.6206     5.6206     3.9330     0.2624  0.000e+00
   1049.814     4.6673    34.9334     4.7548  1032.5103    27.6607 26323200.0     0.0137     5.7070     5.7070     3.9935     0.3997  0.000e+00
   1049.858     4.6728    34.9331     4.7604  1032.5095    27.6598 26330400.0    -0.0056     5.7028     5.7028     3.9905     0.4402  0.000e+00
   1049.989     4.7452    34.9308     4.8333  1032.4982    27.6498 26337600.0     0.0105     5.6156     5.6156     3.9295     0.3716  0.000e+00
   1049.991     4.7610    34.9301     4.8492  1032.4954    27.6474 26344800.0     0.0146     5.5879     5.5879     3.9101     0.4867  0.000e+00
   1050.071     4.7020    34.9321     4.7898  1032.5056    27.6557 26352000.0     0.0132     5.6526     5.6526     3.9553     0.4170  0.000e+00
   1050.028     4.6728    34.9333     4.7604  1032.5104    27.6600 26359200.0    -0.0037     5.6953     5.6953     3.9852     0.4499  0.000e+00
   1049.988     4.6642    34.9337     4.7517  1032.5117    27.6612 26366400.0     0.0100     5.7015     5.7015     3.9896     0.4783  0.000e+00
   1049.752     4.6636    34.9336     4.7510  1032.5107    27.6613 26373600.0     0.0040     5.6930     5.6930     3.9836     1.3111  0.000e+00
   1049.625     4.6603    34.9339     4.7478  1032.5108    27.6618 26380800.0     0.0132     5.6984     5.6984     3.9874     1.7575  0.000e+00
   1049.544     4.6692    34.9332     4.7567  1032.5086    27.6603 26388000.0     0.0137     5.6890     5.6890     3.9808     0.4432  0.000e+00
