Data/SBE19plus_01908365_2025_10_15.cnv
* Sea-Bird SBE19plus  Data File:
* FileName = C:\Users\marecotec\Desktop\PS2610\Data recovery\SBE19plus_01908365_2025_10_15.hex
* Software version 2.8.0.119
* Temperature SN = 8365
* Conductivity SN = 8365
* System UpLoad Time = Oct 15 2025 13:33:28
* <ApplicationData>
* <Seaterm232>
# nquan = 13
# nvalues = 5209                                  
# units = specified
# name 0 = depSM: Depth [salt water, m], lat = 28.00
# name 1 = potemp090C: Potential Temperature [ITS-90, deg C]
# name 2 = sal00: Salinity, Practical [PSU]
# name 3 = tv290C: Temperature [ITS-90, deg C]
# name 4 = density00: Density [density, kg/m^3]
# name 5 = sigma-é00: Density [sigma-theta, kg/m^3]
# name 6 = timeS: Time, Elapsed [seconds]
# name 7 = flECO-AFL: Fluorescence, WET Labs ECO-AFL/FL [mg/m^3]
# name 8 = sbeox0Mg/L: Oxygen, SBE 43 [mg/l]
# name 9 = sbeox0Mg/L: Oxygen, SBE 43 [mg/l]
# name 10 = sbeox0ML/L: Oxygen, SBE 43 [ml/l]
# name 11 = turbWETntu0: Turbidity, WET Labs ECO [NTU]
# name 12 = flag:  0.000e+00
# span 0 =   1049.269,   1050.366                 
# span 1 =     4.2830,     5.0928                 
# span 2 =    34.9160,    34.9492                 
# span 3 =     4.3674,     5.1837                 
# span 4 =  1032.4360,  1032.5763                 
# span 5 =    27.5986,    27.7156                 
# span 6 =      0.000, 37497600.0                 
# span 7 =    -0.0134,     9.8218                 
# span 8 =     5.2683,     6.3327                 
# span 9 =     5.2683,     6.3327                 
# span 10 =     3.6864,     4.4312                
# span 11 =     0.1098,     9.7753                
# span 12 = 0.0000e+00, 0.0000e+00                
# interval = seconds: 7200
# start_time = Aug 07 2024 12:00:20 [Instrument's time stamp, first data scan]
# bad_flag = -9.990e-29
*END*
[from data line 1556]
   1050.194     4.7045    34.9317     4.7923  1032.5055    27.6551 11203200.0     0.0031     5.7090     5.7090     3.9948     0.1246  0.000e+00
   1050.001     4.6449    34.9346     4.7322  1032.5152    27.6641 11210400.0     0.0091     5.7582     5.7582     4.0292     0.1276  0.000e+00
   1049.696     4.7478    34.9301     4.8360  1032.4959    27.6489 11217600.0     0.0141     5.6466     5.6466     3.9512     0.1223  0.000e+00
   1049.508     4.7674    34.9275     4.8557  1032.4902    27.6446 11224800.0     0.0082     5.6380     5.6380     3.9451     0.1202  0.000e+00
   1049.464     4.6718    34.9333     4.7593  1032.5080    27.6601 11232000.0     0.0040     5.7507     5.7507     4.0240     0.1365  0.000e+00
   1049.468     4.5830    34.9370     4.6697  1032.5233    27.6730 11239200.0     0.0114     5.8610     5.8610     4.1012     0.1295  0.000e+00
   1049.638     4.6113    34.9355     4.6983  1032.5190    27.6687 11246400.0     0.0008     5.8217     5.8217     4.0737     0.1208  0.000e+00
   1049.816     4.6880    34.9326     4.7756  1032.5068    27.6577 11253600.0    -0.0019     5.7222     5.7222     4.0040     0.1193  0.000e+00
   1049.927     4.7061    34.9319     4.7940  1032.5042    27.6551 11260800.0     0.0105     5.7021     5.7021     3.9900     0.1171  0.000e+00
   1050.146     4.6728    34.9322     4.7603  1032.5101    27.6591 11268000.0     0.0159     5.7324     5.7324     4.0112     0.1164  0.000e+00
   1050.288     4.6214    34.9352     4.7086  1032.5203    27.6672 11275200.0     0.0059     5.7921     5.7921     4.0530     0.1173  0.000e+00
   1050.253     4.6426    34.9344     4.7299  1032.5166    27.6643 11282400.0     0.0045     5.7755     5.7755     4.0413     0.1237  0.000e+00
   1050.271     4.6287    34.9355     4.7159  1032.5194    27.6666 11289600.0     0.0095     5.7833     5.7833     4.0468     0.1179  0.000e+00
   1050.087     4.6522    34.9343     4.7396  1032.5144    27.6631 11296800.0     0.0095     5.7735     5.7735     4.0400     0.1254  0.000e+00
   1049.873     4.6567    34.9338     4.7441  1032.5124    27.6622 11304000.0     0.0114     5.7654     5.7654     4.0343     0.1208  0.000e+00
   1049.630     4.6481    34.9328     4.7354  1032.5117    27.6623 11311200.0     0.0091     5.7715     5.7715     4.0386     0.1197  0.000e+00
   1049.481     4.6579    34.9345     4.7453  1032.5110    27.6626 11318400.0    -0.0015     5.7615     5.7615     4.0315     0.1243  0.000e+00
   1049.459     4.6497    34.9339     4.7370  1032.5115    27.6630 11325600.0     0.0036     5.7765     5.7765     4.0420     0.1157  0.000e+00
   1049.621     4.6209    34.9354     4.7080  1032.5174    27.6674 11332800.0     0.0137     5.8160     5.8160     4.0697     0.1188  0.000e+00
   1049.699     4.5960    34.9362     4.6829  1032.5219    27.6709 11340000.0     0.0109     5.8466     5.8466     4.0911     0.1148  0.000e+00
   1049.852     4.6401    34.9346     4.7274  1032.5152    27.6647 11347200.0     0.0137     5.7915     5.7915     4.0526     0.1147  0.000e+00
   1050.038     4.6153    34.9353     4.7024  1032.5200    27.6680 11354400.0    -0.0056     5.8092     5.8092     4.0649     0.1136  0.000e+00
   1050.225     4.5789    34.9370     4.6658  1032.5273    27.6734 11361600.0     0.0077     5.8508     5.8508     4.0940     0.1165  0.000e+00
   1050.297     4.5125    34.9399     4.5988  1032.5391    27.6832 11368800.0     0.0105     5.9498     5.9498     4.1633     0.1180  0.000e+00
   1050.196     4.5881    34.9351     4.6750  1032.5244    27.6709 11376000.0     0.0095     5.8540     5.8540     4.0963     0.1133  0.000e+00
   1050.140     4.5561    34.9379     4.6427  1032.5308    27.6767 11383200.0     0.0050     5.8806     5.8806     4.1149     0.1206  0.000e+00
   1049.936     4.6315    34.9360     4.7187  1032.5179    27.6667 11390400.0    -0.0019     5.7997     5.7997     4.0583     0.1214  0.000e+00
   1049.711     4.6812    34.9326     4.7688  1032.5073    27.6585 11397600.0     0.0004     5.7387     5.7387     4.0156     0.1170  0.000e+00
   1049.593     4.7219    34.9314     4.8098  1032.5000    27.6529 11404800.0     0.0063     5.6941     5.6941     3.9844     0.1182  0.000e+00
   1049.545     4.6469    34.9344     4.7342  1032.5127    27.6638 11412000.0     0.0196     5.7834     5.7834     4.0469     0.1241  0.000e+00
   1049.550     4.5833    34.9367     4.6701  1032.5234    27.6727 11419200.0     0.0040     5.8679     5.8679     4.1060     0.1334  0.000e+00
   1049.567     4.7011    34.9314     4.7889  1032.5028    27.6552 11426400.0     0.0173     5.7044     5.7044     3.9916     0.1389  0.000e+00
   1049.745     4.6266    34.9355     4.7138  1032.5173    27.6669 11433600.0     0.0018     5.7897     5.7897     4.0513     0.1156  0.000e+00
   1049.955     4.6321    34.9348     4.7194  1032.5170    27.6657 11440800.0     0.0045     5.7906     5.7906     4.0519     0.1157  0.000e+00
   1050.002     4.6390    34.9344     4.7263  1032.5159    27.6647 11448000.0     0.0256     5.7815     5.7815     4.0456     0.1150  0.000e+00
   1050.214     4.6626    34.9336     4.7500  1032.5129    27.6613 11455200.0     0.0050     5.7595     5.7595     4.0301     0.1267  0.000e+00
   1050.191     4.6597    34.9341     4.7471  1032.5136    27.6621 11462400.0     0.0045     5.7606     5.7606     4.0310     0.1202  0.000e+00
   1050.045     4.6665    34.9331     4.7540  1032.5112    27.6605 11469600.0    -0.0005     5.7443     5.7443     4.0195     0.1331  0.000e+00
   1049.925     4.6965    34.9322     4.7842  1032.5058    27.6564 11476800.0     0.0068     5.7210     5.7210     4.0032     0.1234  0.000e+00
   1049.765     4.7345    34.9309     4.8225  1032.4987    27.6511 11484000.0     0.0127     5.6722     5.6722     3.9691     0.1165  0.000e+00
   1049.699     4.7376    34.9308     4.8257  1032.4979    27.6506 11491200.0     0.0063     5.6702     5.6702     3.9677     0.1173  0.000e+00
   1049.544     4.6757    34.9337     4.7632  1032.5082    27.6600 11498400.0     0.0091     5.7410     5.7410     4.0172     0.1309  0.000e+00
   1049.522     4.6763    34.9330     4.7638  1032.5074    27.6594 11505600.0     0.0036     5.7279     5.7279     4.0081     0.1180  0.000e+00
   1049.652     4.7236    34.9311     4.8115  1032.4999    27.6525 11512800.0     0.0082     5.6760     5.6760     3.9718     0.1186  0.000e+00
   1049.714     4.7096    34.9314     4.7974  1032.5023    27.6543 11520000.0     0.0008     5.6961     5.6961     3.9858     0.1185  0.000e+00
   1049.903     4.6607    34.9338     4.7482  1032.5120    27.6618 11527200.0     0.0086     5.7576     5.7576     4.0288     0.1215  0.000e+00
   1050.009     4.6464    34.9341     4.7338  1032.5146    27.6635 11534400.0     0.0091     5.7705     5.7705     4.0379     0.1215  0.000e+00
   1050.210     4.6450    34.9343     4.7323  1032.5159    27.6639 11541600.0     0.0095     5.7698     5.7698     4.0373     0.1267  0.000e+00
   1050.232     4.6375    34.9345     4.7248  1032.5173    27.6649 11548800.0     0.0068     5.7804     5.7804     4.0448     0.1226  0.000e+00
   1050.109     4.6873    34.9326     4.7750  1032.5082    27.6577 11556000.0     0.0040     5.7237     5.7237     4.0051     0.1156  0.000e+00
   1050.074     4.6867    34.9325     4.7744  1032.5080    27.6577 11563200.0     0.0036     5.7176     5.7176     4.0009     0.1251  0.000e+00
   1049.872     4.8110    34.9286     4.8996  1032.4866    27.6405 11570400.0     0.0018     5.5774     5.5774     3.9028     0.1132  0.000e+00
   1049.723     4.7850    34.9288     4.8735  1032.4898    27.6437 11577600.0     0.0008     5.6070     5.6070     3.9235     0.1139  0.000e+00
   1049.676     4.7511    34.9305     4.8393  1032.4956    27.6488 11584800.0     0.0132     5.6511     5.6511     3.9543     0.1173  0.000e+00
   1049.597     4.7418    34.9307     4.8298  1032.4967    27.6501 11592000.0    -0.0033     5.6581     5.6581     3.9592     0.1119  0.000e+00
   1049.594     4.7528    34.9302     4.8409  1032.4948    27.6485 11599200.0     0.0091     5.6420     5.6420     3.9479     0.1145  0.000e+00
   1049.702     4.7393    34.9302     4.8273  1032.4972    27.6500 11606400.0     0.0072     5.6590     5.6590     3.9598     0.1130  0.000e+00
   1049.820     4.7035    34.9320     4.7913  1032.5042    27.6555 11613600.0     0.0013     5.7039     5.7039     3.9913     0.1167  0.000e+00
   1049.926     4.6915    34.9325     4.7792  1032.5067    27.6572 11620800.0     0.0095     5.7180     5.7180     4.0011     0.1124  0.000e+00
   1050.030     4.6856    34.9326     4.7732  1032.5081    27.6580 11628000.0    -0.0010     5.7285     5.7285     4.0084     0.1119  0.000e+00
   1050.071     4.6827    34.9328     4.7703  1032.5089    27.6585 11635200.0     0.0109     5.7301     5.7301     4.0096     0.1142  0.000e+00
   1050.027     4.6891    34.9325     4.7768  1032.5075    27.6575 11642400.0     0.0036     5.7173     5.7173     4.0006     0.1186  0.000e+00
   1049.955     4.8061    34.9273     4.8948  1032.4867    27.6401 11649600.0     0.0045     5.5813     5.5813     3.9055     0.1119  0.000e+00
   1049.870     4.7882    34.9285     4.8767  1032.4897    27.6431 11656800.0     0.0072     5.6006     5.6006     3.9190     0.1141  0.000e+00
   1049.706     4.8420    34.9271     4.9309  1032.4803    27.6358 11664000.0     0.0068     5.5543     5.5543     3.8865     0.1173  0.000e+00
   1049.639     4.7741    34.9296     4.8624  1032.4915    27.6455 11671200.0     0.0045     5.6268     5.6268     3.9373     0.1136  0.000e+00
   1049.604     4.7999    34.9282     4.8885  1032.4866    27.6415 11678400.0     0.0054     5.5994     5.5994     3.9181     0.1177  0.000e+00
   1049.622     4.7926    34.9288     4.8811  1032.4882    27.6428 11685600.0     0.0059     5.6039     5.6039     3.9213     0.1215  0.000e+00
   1049.703     4.7589    34.9301     4.8471  1032.4943    27.6477 11692800.0     0.0127     5.6458     5.6458     3.9506     0.1215  0.000e+00
   1049.724     4.7577    34.9301     4.8459  1032.4946    27.6478 11700000.0     0.0063     5.6433     5.6433     3.9489     0.1251  0.000e+00
   1049.800     4.6971    34.9323     4.7848  1032.5052    27.6565 11707200.0     0.0059     5.7151     5.7151     3.9991     0.1188  0.000e+00
   1049.904     4.6770    34.9325     4.7645  1032.5086    27.6588 11714400.0     0.0013     5.7419     5.7419     4.0178     0.1173  0.000e+00
   1050.024     4.6754    34.9335     4.7630  1032.5102    27.6598 11721600.0     0.0008     5.7387     5.7387     4.0156     0.1220  0.000e+00
   1049.960     4.6912    34.9321     4.7789  1032.5066    27.6570 11728800.0     0.0095     5.7196     5.7196     4.0022     0.1214  0.000e+00
   1049.871     4.7713    34.9316     4.8596  1032.4945    27.6474 11736000.0     0.0054     5.6246     5.6246     3.9358     0.1106  0.000e+00
   1049.836     4.8594    34.9263     4.9484  1032.4778    27.6332 11743200.0    -0.0001     5.5287     5.5287     3.8687     0.1199  0.000e+00
   1049.779     4.8449    34.9269     4.9338  1032.4801    27.6353 11750400.0    -0.0042     5.5452     5.5452     3.8802     0.1203  0.000e+00
   1049.831     4.7995    34.9283     4.8881  1032.4878    27.6416 11757600.0     0.0040     5.5970     5.5970     3.9165     0.1185  0.000e+00
   1049.763     4.7839    34.9290     4.8724  1032.4903    27.6440 11764800.0    -0.0010     5.6117     5.6117     3.9268     0.1156  0.000e+00
   1049.746     4.7959    34.9286     4.8845  1032.4882    27.6423 11772000.0     0.0169     5.6008     5.6008     3.9191     0.1199  0.000e+00
   1049.805     4.7637    34.9298     4.8520  1032.4939    27.6469 11779200.0     0.0077     5.6353     5.6353     3.9432     0.1235  0.000e+00
   1049.860     4.7004    34.9322     4.7882  1032.5049    27.6560 11786400.0     0.0091     5.7090     5.7090     3.9948     0.1190  0.000e+00
   1049.920     4.6787    34.9331     4.7663  1032.5090    27.6591 11793600.0     0.0082     5.7355     5.7355     4.0134     0.1164  0.000e+00
   1049.923     4.6769    34.9329     4.7645  1032.5091    27.6592 11800800.0     0.0137     5.7354     5.7354     4.0133     0.1203  0.000e+00
   1049.981     4.6656    34.9335     4.7531  1032.5114    27.6609 11808000.0     0.0095     5.7508     5.7508     4.0241     0.1209  0.000e+00
   1049.900     4.7509    34.9295     4.8391  1032.4959    27.6481 11815200.0     0.0004     5.6806     5.6806     3.9749     0.1139  0.000e+00
   1049.887     4.7899    34.9369     4.8784  1032.4961    27.6495 11822400.0     0.0086     5.5935     5.5935     3.9140     0.1174  0.000e+00
   1049.779     4.8063    34.9287     4.8949  1032.4870    27.6412 11829600.0     0.0059     5.5918     5.5918     3.9128     0.1203  0.000e+00
   1049.867     4.7679    34.9307     4.8562  1032.4943    27.6471 11836800.0     0.0109     5.6206     5.6206     3.9330     0.1202  0.000e+00
   1049.807     4.7708    34.9296     4.8591  1032.4928    27.6459 11844000.0     0.0086     5.6384     5.6384     3.9454     0.1142  0.000e+00
   1049.810     4.7926    34.9281     4.8811  1032.4885    27.6422 11851200.0     0.0150     5.6041     5.6041     3.9214     0.1142  0.000e+00
   1049.814     4.8070    34.9281     4.8956  1032.4865    27.6406 11858400.0     0.0077     5.5845     5.5845     3.9077     0.1161  0.000e+00
   1049.876     4.8087    34.9282     4.8973  1032.4866    27.6405 11865600.0     0.0132     5.5835     5.5835     3.9070     0.1190  0.000e+00
   1049.927     4.7681    34.9295     4.8564  1032.4936    27.6462 11872800.0     0.0045     5.6298     5.6298     3.9394     0.1203  0.000e+00
   1049.886     4.7639    34.9298     4.8522  1032.4943    27.6469 11880000.0     0.0063     5.6368     5.6368     3.9443     0.1171  0.000e+00
   1049.934     4.7635    34.9296     4.8518  1032.4944    27.6468 11887200.0     0.0137     5.6369     5.6369     3.9444     0.1177  0.000e+00
   1049.951     4.7452    34.9304     4.8333  1032.4977    27.6495 11894400.0    -0.0033     5.6533     5.6533     3.9559     0.1197  0.000e+00
   1049.895     4.7821    34.9292     4.8705  1032.4913    27.6443 11901600.0     0.0063     5.6072     5.6072     3.9236     0.1159  0.000e+00
   1049.869     4.7831    34.9291     4.8715  1032.4909    27.6441 11908800.0     0.0059     5.6047     5.6047     3.9219     0.1194  0.000e+00
   1049.886     4.7843    34.9295     4.8727  1032.4912    27.6443 11916000.0     0.0150     5.6118     5.6118     3.9268     0.1199  0.000e+00
   1049.827     4.7662    34.9298     4.8545  1032.4936    27.6466 11923200.0     0.0004     5.6376     5.6376     3.9448     0.1264  0.000e+00
   1049.882     4.7165    34.9316     4.8044  1032.5023    27.6536 11930400.0     0.0091     5.7005     5.7005     3.9889     0.1212  0.000e+00
   1049.902     4.7472    34.9302     4.8353  1032.4970    27.6491 11937600.0     0.0109     5.6628     5.6628     3.9625     0.1199  0.000e+00
   1049.898     4.8021    34.9283     4.8907  1032.4877    27.6413 11944800.0     0.0018     5.5936     5.5936     3.9141     0.1153  0.000e+00
   1049.934     4.7801    34.9289     4.8685  1032.4915    27.6443 11952000.0     0.0105     5.6136     5.6136     3.9281     0.1164  0.000e+00
   1049.954     4.7771    34.9294     4.8655  1032.4924    27.6450 11959200.0     0.0059     5.6144     5.6144     3.9286     0.1183  0.000e+00
   1049.953     4.7657    34.9298     4.8540  1032.4943    27.6466 11966400.0     0.0082     5.6275     5.6275     3.9378     0.1223  0.000e+00
   1049.891     4.7500    34.9295     4.8381  1032.4960    27.6482 11973600.0     0.0036     5.6446     5.6446     3.9498     0.1205  0.000e+00
   1049.887     4.7471    34.9304     4.8352  1032.4971    27.6492 11980800.0     0.0050     5.6511     5.6511     3.9543     0.1185  0.000e+00
   1049.741     4.7684    34.9292     4.8567  1032.4925    27.6458 11988000.0     0.0114     5.6269     5.6269     3.9374     0.1261  0.000e+00
