Data/SBE19plus_01908365_2025_10_15.cnv
* Sea-Bird SBE19plus  Data File:
* FileName = C:\Users\marecotec\Desktop\PS2610\Data recovery\SBE19plus_01908365_2025_10_15.hex
* Software version 2.8.0.119
* Temperature SN = 8365
* Conductivity SN = 8365
* System UpLoad Time = Oct 15 2025 13:33:28
* <ApplicationData>
* <Seaterm232>
# nquan = 13
# nvalues = 5209                                  
# units = specified
# name 0 = depSM: Depth [salt water, m], lat = 28.00
# name 1 = potemp090C: Potential Temperature [ITS-90, deg C]
# name 2 = sal00: Salinity, Practical [PSU]
# name 3 = tv290C: Temperature [ITS-90, deg C]
# name 4 = density00: Density [density, kg/m^3]
# name 5 = sigma-é00: Density [sigma-theta, kg/m^3]
# name 6 = timeS: Time, Elapsed [seconds]
# name 7 = flECO-AFL: Fluorescence, WET Labs ECO-AFL/FL [mg/m^3]
# name 8 = sbeox0Mg/L: Oxygen, SBE 43 [mg/l]
# name 9 = sbeox0Mg/L: Oxygen, SBE 43 [mg/l]
# name 10 = sbeox0ML/L: Oxygen, SBE 43 [ml/l]
# name 11 = turbWETntu0: Turbidity, WET Labs ECO [NTU]
# name 12 = flag:  0.000e+00
# span 0 =   1049.269,   1050.366                 
# span 1 =     4.2830,     5.0928                 
# span 2 =    34.9160,    34.9492                 
# span 3 =     4.3674,     5.1837                 
# span 4 =  1032.4360,  1032.5763                 
# span 5 =    27.5986,    27.7156                 
# span 6 =      0.000, 37497600.0                 
# span 7 =    -0.0134,     9.8218                 
# span 8 =     5.2683,     6.3327                 
# span 9 =     5.2683,     6.3327                 
# span 10 =     3.6864,     4.4312                
# span 11 =     0.1098,     9.7753                
# span 12 = 0.0000e+00, 0.0000e+00                
# interval = seconds: 7200
# start_time = Aug 07 2024 12:00:20 [Instrument's time stamp, first data scan]
# bad_flag = -9.990e-29
*END*
[from data line 4223]
   1050.004     4.6544    34.9339     4.7418  1032.5134    27.6626 30405600.0     0.0095     5.7053     5.7053     3.9922     0.8309  0.000e+00
   1050.110     4.6721    34.9332     4.7597  1032.5108    27.6600 30412800.0    -0.0033     5.6783     5.6783     3.9733     0.8279  0.000e+00
   1050.128     4.6785    34.9331     4.7661  1032.5099    27.6592 30420000.0     0.0109     5.6659     5.6659     3.9647     0.8192  0.000e+00
   1050.107     4.6827    34.9332     4.7703  1032.5093    27.6588 30427200.0     0.0077     5.6642     5.6642     3.9635     0.8047  0.000e+00
   1050.027     4.6550    34.9340     4.7425  1032.5135    27.6625 30434400.0     0.0123     5.6949     5.6949     3.9850     0.8030  0.000e+00
   1049.899     4.6710    34.9336     4.7585  1032.5104    27.6604 30441600.0     0.0109     5.6673     5.6673     3.9656     0.8103  0.000e+00
   1049.755     4.6670    34.9331     4.7544  1032.5098    27.6604 30448800.0     0.0265     5.6723     5.6723     3.9692     0.8125  0.000e+00
   1049.631     4.6614    34.9335     4.7489  1032.5103    27.6614 30456000.0     0.0146     5.6776     5.6776     3.9729     0.8300  0.000e+00
   1049.499     4.6639    34.9343     4.7514  1032.5101    27.6618 30463200.0     0.0118     5.6771     5.6771     3.9725     0.8363  0.000e+00
   1049.569     4.6639    34.9334     4.7513  1032.5097    27.6611 30470400.0     0.0191     5.6787     5.6787     3.9737     0.8706  0.000e+00
   1049.754     4.6500    34.9341     4.7374  1032.5130    27.6632 30477600.0     0.0095     5.6970     5.6970     3.9864     0.8082  0.000e+00
   1049.732     4.6559    34.9341     4.7433  1032.5120    27.6625 30484800.0     0.0054     5.6945     5.6945     3.9847     0.7826  0.000e+00
   1049.923     4.6615    34.9336     4.7489  1032.5118    27.6615 30492000.0     0.0082     5.6904     5.6904     3.9818     0.7771  0.000e+00
   1050.087     4.6448    34.9344     4.7321  1032.5155    27.6640 30499200.0     0.0082     5.7113     5.7113     3.9965     0.8074  0.000e+00
   1050.128     4.6469    34.9340     4.7342  1032.5150    27.6634 30506400.0     0.0050     5.7126     5.7126     3.9973     0.7801  0.000e+00
   1050.070     4.6839    34.9329     4.7716  1032.5088    27.6584 30513600.0     0.0132     5.6655     5.6655     3.9644     0.7958  0.000e+00
   1049.944     4.7025    34.9321     4.7902  1032.5050    27.6557 30520800.0     0.0027     5.6478     5.6478     3.9520     0.7971  0.000e+00
   1049.927     4.7080    34.9328     4.7958  1032.5046    27.6556 30528000.0     0.0228     5.6382     5.6382     3.9453     0.8396  0.000e+00
   1049.757     4.6659    34.9344     4.7534  1032.5110    27.6616 30535200.0     0.0159     5.6816     5.6816     3.9757     0.7968  0.000e+00
   1049.653     4.6844    34.9327     4.7720  1032.5067    27.6582 30542400.0     0.0123     5.6540     5.6540     3.9564     1.0971  0.000e+00
   1049.670     4.6595    34.9337     4.7470  1032.5110    27.6618 30549600.0     0.0027     5.6856     5.6856     3.9784     0.7966  0.000e+00
   1049.610     4.6805    34.9330     4.7681  1032.5072    27.6588 30556800.0     0.0059     5.6607     5.6607     3.9610     0.8038  0.000e+00
   1049.648     4.6719    34.9333     4.7595  1032.5088    27.6600 30564000.0     0.0141     5.6734     5.6734     3.9699     0.8097  0.000e+00
   1049.813     4.6791    34.9327     4.7667  1032.5081    27.6588 30571200.0     0.0169     5.6622     5.6622     3.9621     0.8366  0.000e+00
   1049.931     4.6900    34.9324     4.7777  1032.5068    27.6573 30578400.0     0.0233     5.6428     5.6428     3.9485     0.8450  0.000e+00
   1049.967     4.7007    34.9320     4.7885  1032.5052    27.6558 30585600.0     0.0141     5.6248     5.6248     3.9359     0.8366  0.000e+00
   1050.012     4.7050    34.9321     4.7928  1032.5049    27.6554 30592800.0     0.0059     5.6182     5.6182     3.9313     0.8531  0.000e+00
   1050.030     4.7069    34.9321     4.7947  1032.5047    27.6552 30600000.0     0.0072     5.6274     5.6274     3.9377     0.8505  0.000e+00
   1050.114     4.7096    34.9319     4.7975  1032.5046    27.6547 30607200.0     0.0260     5.6316     5.6316     3.9407     0.8470  0.000e+00
   1049.907     4.7269    34.9309     4.8149  1032.5004    27.6519 30614400.0     0.0109     5.6073     5.6073     3.9236     0.8486  0.000e+00
   1049.783     4.7034    34.9321     4.7912  1032.5041    27.6556 30621600.0    -0.0051     5.6380     5.6380     3.9452     0.8604  0.000e+00
   1049.763     4.7310    34.9308     4.8190  1032.4991    27.6514 30628800.0     0.0141     5.5970     5.5970     3.9165     0.8532  0.000e+00
   1049.722     4.7137    34.9319     4.8016  1032.5022    27.6543 30636000.0     0.0118     5.6216     5.6216     3.9337     0.9257  0.000e+00
   1049.719     4.6981    34.9322     4.7858  1032.5046    27.6562 30643200.0     0.0196     5.6289     5.6289     3.9387     0.9851  0.000e+00
   1049.739     4.7011    34.9322     4.7889  1032.5043    27.6559 30650400.0     0.0127     5.6208     5.6208     3.9331     0.9968  0.000e+00
   1049.739     4.7050    34.9320     4.7928  1032.5036    27.6553 30657600.0     0.0086     5.6214     5.6214     3.9335     0.9649  0.000e+00
   1049.865     4.7174    34.9315     4.8053  1032.5020    27.6535 30664800.0     0.0187     5.6242     5.6242     3.9355     0.8900  0.000e+00
   1049.883     4.7157    34.9319     4.8036  1032.5026    27.6540 30672000.0     0.0219     5.6180     5.6180     3.9311     0.9486  0.000e+00
   1049.992     4.7252    34.9313     4.8132  1032.5014    27.6525 30679200.0     0.0246     5.6148     5.6148     3.9289     0.8967  0.000e+00
   1049.949     4.7378    34.9308     4.8259  1032.4990    27.6506 30686400.0     0.0105     5.6034     5.6034     3.9209     0.8842  0.000e+00
   1049.975     4.7428    34.9309     4.8309  1032.4985    27.6502 30693600.0     0.0137     5.5898     5.5898     3.9114     0.8885  0.000e+00
   1049.844     4.7331    34.9309     4.8211  1032.4993    27.6513 30700800.0     0.0169     5.5919     5.5919     3.9129     0.8778  0.000e+00
   1049.840     4.7262    34.9314     4.8142  1032.5006    27.6524 30708000.0     0.0100     5.6020     5.6020     3.9199     0.8779  0.000e+00
   1049.803     4.7402    34.9308     4.8282  1032.4980    27.6503 30715200.0     0.0082     5.5870     5.5870     3.9094     0.8769  0.000e+00
   1049.759     4.7411    34.9307     4.8292  1032.4976    27.6501 30722400.0     0.0077     5.5876     5.5876     3.9099     0.8741  0.000e+00
   1049.827     4.7456    34.9304     4.8337  1032.4971    27.6495 30729600.0     0.0150     5.5756     5.5756     3.9015     0.8810  0.000e+00
   1049.811     4.7457    34.9304     4.8339  1032.4969    27.6494 30736800.0     0.0077     5.5786     5.5786     3.9036     0.8796  0.000e+00
   1049.807     4.7390    34.9307     4.8271  1032.4981    27.6504 30744000.0     0.0137     5.5803     5.5803     3.9048     0.8940  0.000e+00
   1049.827     4.7449    34.9306     4.8330  1032.4973    27.6497 30751200.0     0.0045     5.5696     5.5696     3.8973     0.8846  0.000e+00
   1049.825     4.7491    34.9306     4.8372  1032.4967    27.6492 30758400.0     0.0072     5.5610     5.5610     3.8912     0.8833  0.000e+00
   1049.887     4.7446    34.9305     4.8328  1032.4975    27.6496 30765600.0     0.0132     5.5727     5.5727     3.8995     0.8645  0.000e+00
   1049.906     4.7461    34.9304     4.8342  1032.4973    27.6494 30772800.0     0.0072     5.5870     5.5870     3.9094     0.8676  0.000e+00
   1049.853     4.7685    34.9294     4.8568  1032.4931    27.6460 30780000.0     0.0100     5.5726     5.5726     3.8994     0.8512  0.000e+00
   1049.764     4.7368    34.9308     4.8249  1032.4983    27.6507 30787200.0     0.0205     5.5947     5.5947     3.9148     0.8555  0.000e+00
   1049.783     4.7312    34.9308     4.8192  1032.4992    27.6514 30794400.0     0.0022     5.5959     5.5959     3.9157     0.8538  0.000e+00
   1049.801     4.7321    34.9314     4.8201  1032.4996    27.6518 30801600.0     0.0292     5.5881     5.5881     3.9103     0.8691  0.000e+00
   1049.808     4.7407    34.9307     4.8288  1032.4978    27.6502 30808800.0     0.0164     5.5668     5.5668     3.8953     0.8613  0.000e+00
   1049.809     4.7449    34.9306     4.8330  1032.4972    27.6496 30816000.0     0.0228     5.5791     5.5791     3.9039     0.8546  0.000e+00
   1049.784     4.7449    34.9305     4.8330  1032.4970    27.6495 30823200.0     0.0114     5.5863     5.5863     3.9090     0.8593  0.000e+00
   1049.851     4.7511    34.9301     4.8392  1032.4961    27.6486 30830400.0     0.0050     5.5698     5.5698     3.8975     0.8586  0.000e+00
   1049.807     4.7534    34.9302     4.8416  1032.4957    27.6484 30837600.0     0.0205     5.5813     5.5813     3.9054     0.8592  0.000e+00
   1049.934     4.7525    34.9302     4.8407  1032.4964    27.6485 30844800.0     0.0132     5.5880     5.5880     3.9101     0.8404  0.000e+00
   1049.848     4.7517    34.9301     4.8399  1032.4960    27.6485 30852000.0     0.0068     5.5831     5.5831     3.9067     0.8596  0.000e+00
   1049.832     4.7930    34.9287     4.8815  1032.4890    27.6427 30859200.0     0.0063     5.5368     5.5368     3.8743     0.8618  0.000e+00
   1049.753     4.8012    34.9284     4.8897  1032.4873    27.6415 30866400.0     0.0150     5.5333     5.5333     3.8719     0.8653  0.000e+00
   1049.743     4.7652    34.9318     4.8535  1032.4950    27.6483 30873600.0     0.0123     5.5619     5.5619     3.8919     0.8593  0.000e+00
   1049.765     4.7546    34.9300     4.8428  1032.4952    27.6481 30880800.0     0.0100     5.5696     5.5696     3.8973     0.8688  0.000e+00
   1049.660     4.7624    34.9302     4.8506  1032.4938    27.6474 30888000.0     0.0114     5.5673     5.5673     3.8957     0.8683  0.000e+00
   1049.825     4.7566    34.9300     4.8448  1032.4952    27.6479 30895200.0     0.0169     5.5690     5.5690     3.8969     0.8720  0.000e+00
   1049.912     4.7601    34.9300     4.8483  1032.4950    27.6474 30902400.0     0.0169     5.5674     5.5674     3.8958     0.8676  0.000e+00
   1049.910     4.7640    34.9300     4.8523  1032.4945    27.6470 30909600.0     0.0196     5.5604     5.5604     3.8908     0.9399  0.000e+00
   1049.846     4.7658    34.9295     4.8540  1032.4936    27.6464 30916800.0     0.0109     5.5590     5.5590     3.8898     0.9040  0.000e+00
   1049.889     4.7669    34.9297     4.8553  1032.4938    27.6465 30924000.0     0.0027     5.5584     5.5584     3.8895     0.8976  0.000e+00
   1049.892     4.7673    34.9295     4.8556  1032.4936    27.6462 30931200.0     0.0201     5.5569     5.5569     3.8884     0.9406  0.000e+00
   1049.850     4.7651    34.9296     4.8534  1032.4937    27.6465 30938400.0     0.0077     5.5564     5.5564     3.8880     0.9548  0.000e+00
   1049.765     4.7568    34.9300     4.8450  1032.4948    27.6478 30945600.0     0.0182     5.5633     5.5633     3.8928     0.9709  0.000e+00
   1049.722     4.7411    34.9305     4.8292  1032.4973    27.6500 30952800.0     0.0205     5.5876     5.5876     3.9098     0.9994  0.000e+00
   1049.678     4.7486    34.9304     4.8367  1032.4960    27.6491 30960000.0     0.0141     5.5773     5.5773     3.9027     1.0113  0.000e+00
   1049.718     4.7160    34.9316     4.8038  1032.5016    27.6537 30967200.0     0.0187     5.6247     5.6247     3.9359     1.0014  0.000e+00
   1049.782     4.6920    34.9326     4.7797  1032.5061    27.6573 30974400.0     0.0091     5.6477     5.6477     3.9519     1.0241  0.000e+00
   1049.862     4.6722    34.9329     4.7598  1032.5094    27.6597 30981600.0     0.0100     5.6747     5.6747     3.9708     1.0128  0.000e+00
   1049.960     4.6593    34.9337     4.7467  1032.5123    27.6618 30988800.0     0.0036     5.6816     5.6816     3.9757     1.0581  0.000e+00
   1049.964     4.6398    34.9344     4.7271  1032.5156    27.6646 30996000.0     0.0159     5.7139     5.7139     3.9983     1.0839  0.000e+00
   1049.980     4.6254    34.9351     4.7125  1032.5182    27.6667 31003200.0     0.0155     5.7306     5.7306     4.0099     1.0952  0.000e+00
   1049.977     4.6281    34.9351     4.7153  1032.5178    27.6664 31010400.0     0.0105     5.7240     5.7240     4.0053     1.1143  0.000e+00
   1049.938     4.6353    34.9346     4.7226  1032.5163    27.6652 31017600.0     0.0191     5.7203     5.7203     4.0027     1.1102  0.000e+00
   1049.860     4.6404    34.9344     4.7276  1032.5151    27.6645 31024800.0     0.0105     5.7080     5.7080     3.9941     1.0707  0.000e+00
   1049.747     4.6431    34.9340     4.7304  1032.5138    27.6638 31032000.0     0.0068     5.7068     5.7068     3.9933     1.1183  0.000e+00
   1049.668     4.6625    34.9336     4.7500  1032.5104    27.6613 31039200.0     0.0141     5.6809     5.6809     3.9752     1.0877  0.000e+00
   1049.605     4.6656    34.9335     4.7531  1032.5096    27.6609 31046400.0     0.0146     5.6800     5.6800     3.9746     1.0604  0.000e+00
   1049.653     4.6735    34.9328     4.7610  1032.5082    27.6595 31053600.0     0.0054     5.6713     5.6713     3.9684     1.0832  0.000e+00
   1049.688     4.6773    34.9331     4.7648  1032.5081    27.6593 31060800.0     0.0072     5.6616     5.6616     3.9617     1.0356  0.000e+00
   1049.834     4.6680    34.9335     4.7555  1032.5104    27.6607 31068000.0     0.0265     5.6745     5.6745     3.9707     1.0215  0.000e+00
   1049.860     4.6654    34.9336     4.7529  1032.5109    27.6610 31075200.0     0.0031     5.6791     5.6791     3.9739     1.0809  0.000e+00
   1050.004     4.6674    34.9333     4.7549  1032.5111    27.6606 31082400.0     0.0036     5.6748     5.6748     3.9709     1.0751  0.000e+00
   1050.006     4.6716    34.9331     4.7592  1032.5103    27.6599 31089600.0     0.0123     5.6737     5.6737     3.9702     1.0517  0.000e+00
   1050.006     4.6611    34.9338     4.7486  1032.5123    27.6616 31096800.0     0.0050     5.6719     5.6719     3.9688     1.0653  0.000e+00
   1049.927     4.6889    34.9325     4.7766  1032.5071    27.6575 31104000.0     0.0045     5.6475     5.6475     3.9518     1.0252  0.000e+00
   1049.843     4.6969    34.9324     4.7846  1032.5055    27.6565 31111200.0     0.0132     5.6409     5.6409     3.9472     1.0864  0.000e+00
   1049.695     4.7017    34.9319     4.7895  1032.5038    27.6556 31118400.0     0.0210     5.6443     5.6443     3.9495     1.0897  0.000e+00
   1049.651     4.7089    34.9320     4.7967  1032.5027    27.6549 31125600.0     0.0008     5.6211     5.6211     3.9333     1.0986  0.000e+00
   1049.569     4.7154    34.9319     4.8033  1032.5013    27.6541 31132800.0     0.0155     5.6209     5.6209     3.9331     1.1087  0.000e+00
   1049.568     4.7183    34.9315     4.8062  1032.5005    27.6534 31140000.0     0.0059     5.6121     5.6121     3.9270     1.0531  0.000e+00
   1049.633     4.7194    34.9315     4.8073  1032.5007    27.6532 31147200.0     0.0155     5.6127     5.6127     3.9274     0.9709  0.000e+00
   1049.697     4.7085    34.9320     4.7963  1032.5029    27.6549 31154400.0     0.0059     5.6178     5.6178     3.9310     1.0156  0.000e+00
   1049.865     4.7146    34.9316     4.8025  1032.5025    27.6539 31161600.0     0.0137     5.6201     5.6201     3.9326     1.2196  0.000e+00
   1049.909     4.7269    34.9315     4.8149  1032.5009    27.6524 31168800.0     0.0137     5.6038     5.6038     3.9212     1.0284  0.000e+00
   1049.930     4.7398    34.9308     4.8279  1032.4986    27.6504 31176000.0     0.0123     5.5936     5.5936     3.9141     1.0644  0.000e+00
   1050.011     4.7539    34.9303     4.8421  1032.4966    27.6484 31183200.0     0.0091     5.5768     5.5768     3.9023     1.0642  0.000e+00
   1049.950     4.7557    34.9302     4.8439  1032.4960    27.6481 31190400.0     0.0155     5.5681     5.5681     3.8962     1.0610  0.000e+00
