Data/SBE19plus_01908365_2025_10_15.cnv
* Sea-Bird SBE19plus  Data File:
* FileName = C:\Users\marecotec\Desktop\PS2610\Data recovery\SBE19plus_01908365_2025_10_15.hex
* Software version 2.8.0.119
* Temperature SN = 8365
* Conductivity SN = 8365
* System UpLoad Time = Oct 15 2025 13:33:28
* <ApplicationData>
* <Seaterm232>
# nquan = 13
# nvalues = 5209                                  
# units = specified
# name 0 = depSM: Depth [salt water, m], lat = 28.00
# name 1 = potemp090C: Potential Temperature [ITS-90, deg C]
# name 2 = sal00: Salinity, Practical [PSU]
# name 3 = tv290C: Temperature [ITS-90, deg C]
# name 4 = density00: Density [density, kg/m^3]
# name 5 = sigma-é00: Density [sigma-theta, kg/m^3]
# name 6 = timeS: Time, Elapsed [seconds]
# name 7 = flECO-AFL: Fluorescence, WET Labs ECO-AFL/FL [mg/m^3]
# name 8 = sbeox0Mg/L: Oxygen, SBE 43 [mg/l]
# name 9 = sbeox0Mg/L: Oxygen, SBE 43 [mg/l]
# name 10 = sbeox0ML/L: Oxygen, SBE 43 [ml/l]
# name 11 = turbWETntu0: Turbidity, WET Labs ECO [NTU]
# name 12 = flag:  0.000e+00
# span 0 =   1049.269,   1050.366                 
# span 1 =     4.2830,     5.0928                 
# span 2 =    34.9160,    34.9492                 
# span 3 =     4.3674,     5.1837                 
# span 4 =  1032.4360,  1032.5763                 
# span 5 =    27.5986,    27.7156                 
# span 6 =      0.000, 37497600.0                 
# span 7 =    -0.0134,     9.8218                 
# span 8 =     5.2683,     6.3327                 
# span 9 =     5.2683,     6.3327                 
# span 10 =     3.6864,     4.4312                
# span 11 =     0.1098,     9.7753                
# span 12 = 0.0000e+00, 0.0000e+00                
# interval = seconds: 7200
# start_time = Aug 07 2024 12:00:20 [Instrument's time stamp, first data scan]
# bad_flag = -9.990e-29
*END*
[from data line 4001]
   1049.461     4.8327    34.9276     4.9215  1032.4809    27.6372 28807200.0     0.0388     5.5004     5.5004     3.8488     1.0757  0.000e+00
   1049.545     4.8460    34.9272     4.9349  1032.4791    27.6354 28814400.0     0.0384     5.4902     5.4902     3.8417     1.2454  0.000e+00
   1049.607     4.8124    34.9280     4.9011  1032.4847    27.6399 28821600.0     0.0205     5.5258     5.5258     3.8667     0.6999  0.000e+00
   1049.751     4.8217    34.9280     4.9105  1032.4841    27.6388 28828800.0     0.0224     5.5185     5.5185     3.8615     0.6642  0.000e+00
   1049.870     4.8980    34.9252     4.9874  1032.4716    27.6278 28836000.0     0.0118     5.4281     5.4281     3.7983     0.7212  0.000e+00
   1049.997     4.9217    34.9244     5.0112  1032.4682    27.6245 28843200.0     0.0100     5.4256     5.4256     3.7965     0.6292  0.000e+00
   1049.990     4.9058    34.9253     4.9952  1032.4711    27.6270 28850400.0     0.0100     5.4153     5.4153     3.7893     0.9527  0.000e+00
   1050.090     4.7821    34.9270     4.8705  1032.4904    27.6425 28857600.0     0.0155     5.5482     5.5482     3.8823     0.6115  0.000e+00
   1050.059     4.7791    34.9292     4.8675  1032.4925    27.6447 28864800.0     0.0182     5.5458     5.5458     3.8806     0.6121  0.000e+00
   1049.999     4.7830    34.9299     4.8714  1032.4921    27.6447 28872000.0     0.0063     5.5433     5.5433     3.8788     0.6256  0.000e+00
   1049.772     4.7998    34.9286     4.8884  1032.4877    27.6418 28879200.0     0.0159     5.5221     5.5221     3.8640     0.6921  0.000e+00
   1049.669     4.8238    34.9277     4.9126  1032.4831    27.6383 28886400.0     0.0141     5.5015     5.5015     3.8496     0.8608  0.000e+00
   1049.478     4.8234    34.9260     4.9121  1032.4810    27.6370 28893600.0     0.0031     5.5083     5.5083     3.8544     0.8958  0.000e+00
   1049.429     4.9469    34.9229     5.0366  1032.4608    27.6204 28900800.0     0.0086     5.3906     5.3906     3.7720     0.8952  0.000e+00
   1049.561     4.9450    34.9233     5.0347  1032.4620    27.6209 28908000.0     0.0123     5.3986     5.3986     3.7776     0.7707  0.000e+00
   1049.709     4.8347    34.9277     4.9235  1032.4818    27.6371 28915200.0     0.0155     5.5026     5.5026     3.8504     0.7018  0.000e+00
   1049.810     4.8064    34.9285     4.8950  1032.4869    27.6410 28922400.0     0.0178     5.5409     5.5409     3.8772     0.5552  0.000e+00
   1049.938     4.7947    34.9288     4.8832  1032.4894    27.6426 28929600.0     0.0132     5.5590     5.5590     3.8899     0.5496  0.000e+00
   1050.060     4.7640    34.9300     4.8523  1032.4952    27.6470 28936800.0     0.0114     5.5860     5.5860     3.9088     0.7849  0.000e+00
   1050.057     4.7713    34.9297     4.8597  1032.4939    27.6459 28944000.0     0.0050     5.5747     5.5747     3.9008     0.8970  0.000e+00
   1050.046     4.8290    34.9266     4.9178  1032.4833    27.6369 28951200.0     0.0237     5.4949     5.4949     3.8450     0.8979  0.000e+00
   1049.906     4.8538    34.9263     4.9428  1032.4789    27.6338 28958400.0     0.0086     5.4871     5.4871     3.8396     0.9330  0.000e+00
   1049.749     4.8224    34.9278     4.9111  1032.4838    27.6386 28965600.0     0.0141     5.5158     5.5158     3.8596     0.8534  0.000e+00
   1049.624     4.8314    34.9272     4.9202  1032.4815    27.6371 28972800.0     0.0237     5.5060     5.5060     3.8528     0.9231  0.000e+00
   1049.441     4.8255    34.9276     4.9142  1032.4818    27.6381 28980000.0     0.0159     5.5049     5.5049     3.8520     0.8810  0.000e+00
   1049.464     4.8767    34.9254     4.9659  1032.4730    27.6305 28987200.0     0.0063     5.4528     5.4528     3.8155     0.8583  0.000e+00
   1049.489     4.8918    34.9250     4.9810  1032.4706    27.6284 28994400.0     0.0219     5.4541     5.4541     3.8165     0.7441  0.000e+00
   1049.571     4.8711    34.9263     4.9603  1032.4749    27.6318 29001600.0     0.0159     5.4685     5.4685     3.8265     0.5944  0.000e+00
   1049.794     4.7797    34.9294     4.8681  1032.4913    27.6448 29008800.0     0.0164     5.5782     5.5782     3.9033     0.6025  0.000e+00
   1049.930     4.7577    34.9299     4.8460  1032.4954    27.6477 29016000.0     0.0173     5.5986     5.5986     3.9176     0.4955  0.000e+00
   1050.035     4.7893    34.9301     4.8777  1032.4916    27.6442 29023200.0     0.0100     5.5602     5.5602     3.8907     0.8195  0.000e+00
   1050.077     4.9136    34.9243     5.0031  1032.4696    27.6253 29030400.0     0.0086     5.4257     5.4257     3.7966     0.7249  0.000e+00
   1050.093     4.8644    34.9260     4.9535  1032.4780    27.6324 29037600.0     0.0082     5.4702     5.4702     3.8277     0.8236  0.000e+00
   1050.054     4.8525    34.9267     4.9415  1032.4801    27.6343 29044800.0     0.0191     5.4851     5.4851     3.8382     0.7997  0.000e+00
   1049.840     4.8381    34.9269     4.9269  1032.4813    27.6361 29052000.0     0.0127     5.4924     5.4924     3.8432     0.6350  0.000e+00
   1049.629     4.8295    34.9274     4.9183  1032.4819    27.6374 29059200.0     0.0178     5.4927     5.4927     3.8434     0.7256  0.000e+00
   1049.460     4.8301    34.9274     4.9188  1032.4811    27.6374 29066400.0     0.0196     5.5031     5.5031     3.8507     0.8044  0.000e+00
   1049.421     4.8343    34.9274     4.9231  1032.4803    27.6369 29073600.0     0.0159     5.4964     5.4964     3.8460     0.7961  0.000e+00
   1049.447     4.8857    34.9247     4.9749  1032.4710    27.6288 29080800.0     0.0095     5.4459     5.4459     3.8107     0.8023  0.000e+00
   1049.514     4.9460    34.9234     5.0357  1032.4617    27.6209 29088000.0     0.0141     5.3950     5.3950     3.7751     0.8364  0.000e+00
   1049.721     4.9107    34.9245     5.0002  1032.4685    27.6258 29095200.0     0.0095     5.4224     5.4224     3.7943     0.4534  0.000e+00
   1049.863     4.8678    34.9265     4.9569  1032.4769    27.6323 29102400.0     0.0118     5.4737     5.4737     3.8302     0.7240  0.000e+00
   1049.982     4.8597    34.9260     4.9487  1032.4782    27.6329 29109600.0     0.0173     5.4871     5.4871     3.8396     0.8470  0.000e+00
   1050.075     4.9170    34.9244     5.0066  1032.4692    27.6250 29116800.0     0.0164     5.4259     5.4259     3.7968     0.8088  0.000e+00
   1050.103     4.9611    34.9226     5.0510  1032.4616    27.6185 29124000.0     0.0146     5.3653     5.3653     3.7543     0.7318  0.000e+00
   1050.030     4.8766    34.9256     4.9658  1032.4757    27.6306 29131200.0     0.0150     5.4590     5.4590     3.8199     0.8384  0.000e+00
   1049.885     4.8634    34.9260     4.9525  1032.4772    27.6324 29138400.0     0.0091     5.4672     5.4672     3.8256     0.9089  0.000e+00
   1049.649     4.8447    34.9267     4.9336  1032.4793    27.6352 29145600.0     0.0201     5.4825     5.4825     3.8364     0.7801  0.000e+00
   1049.507     4.8389    34.9271     4.9277  1032.4798    27.6361 29152800.0     0.0123     5.4988     5.4988     3.8477     0.7955  0.000e+00
   1049.478     4.8431    34.9266     4.9320  1032.4787    27.6353 29160000.0     0.0123     5.4936     5.4936     3.8441     0.8949  0.000e+00
   1049.383     4.8594    34.9264     4.9484  1032.4758    27.6332 29167200.0     0.0146     5.4715     5.4715     3.8286     0.8618  0.000e+00
   1049.457     4.9905    34.9213     5.0806  1032.4534    27.6140 29174400.0     0.0251     5.3520     5.3520     3.7450     0.8239  0.000e+00
   1049.563     4.9654    34.9228     5.0553  1032.4587    27.6181 29181600.0     0.0137     5.3757     5.3757     3.7616     0.4797  0.000e+00
   1049.738     4.9083    34.9246     4.9977  1032.4691    27.6262 29188800.0     0.0123     5.4372     5.4372     3.8046     0.8184  0.000e+00
   1049.907     4.8857    34.9255     4.9750  1032.4737    27.6295 29196000.0     0.0068     5.4602     5.4602     3.8207     0.7966  0.000e+00
   1050.072     4.8936    34.9250     4.9829  1032.4730    27.6282 29203200.0     0.0100     5.4528     5.4528     3.8155     0.9329  0.000e+00
   1050.038     4.9144    34.9244     5.0039  1032.4694    27.6253 29210400.0     0.0155     5.4161     5.4161     3.7899     0.9034  0.000e+00
   1050.118     4.9194    34.9240     5.0089  1032.4688    27.6244 29217600.0     0.0173     5.4155     5.4155     3.7894     0.9451  0.000e+00
   1049.909     4.8862    34.9251     4.9755  1032.4734    27.6292 29224800.0     0.0173     5.4507     5.4507     3.8141     0.9591  0.000e+00
   1049.739     4.8614    34.9262     4.9504  1032.4770    27.6329 29232000.0     0.0141     5.4658     5.4658     3.8247     0.9130  0.000e+00
   1049.568     4.8677    34.9260     4.9568  1032.4751    27.6319 29239200.0     0.0150     5.4564     5.4564     3.8181     1.2568  0.000e+00
   1049.395     4.8531    34.9263     4.9421  1032.4766    27.6339 29246400.0     0.0182     5.4789     5.4789     3.8338     1.1083  0.000e+00
   1049.403     4.8796    34.9256     4.9688  1032.4724    27.6303 29253600.0     0.0109     5.4523     5.4523     3.8152     1.0441  0.000e+00
   1049.473     4.9400    34.9214     5.0297  1032.4608    27.6200 29260800.0     0.0210     5.3830     5.3830     3.7667     0.9590  0.000e+00
   1049.566     5.0134    34.9207     5.1036  1032.4502    27.6109 29268000.0     0.0155     5.3233     5.3233     3.7249     0.8901  0.000e+00
   1049.687     4.9243    34.9239     5.0138  1032.4660    27.6238 29275200.0     0.0191     5.4065     5.4065     3.7832     0.8410  0.000e+00
   1049.820     4.9006    34.9247     4.9899  1032.4706    27.6271 29282400.0     0.0178     5.4387     5.4387     3.8057     0.9655  0.000e+00
   1049.994     4.9040    34.9252     4.9934  1032.4713    27.6272 29289600.0     0.0292     5.4266     5.4266     3.7972     0.6925  0.000e+00
   1050.033     4.9086    34.9246     4.9981  1032.4704    27.6261 29296800.0     0.0150     5.4192     5.4192     3.7920     0.9982  0.000e+00
   1050.058     4.9197    34.9242     5.0093  1032.4685    27.6245 29304000.0     0.0027     5.4021     5.4021     3.7801     0.9129  0.000e+00
   1049.941     4.9799    34.9226     5.0699  1032.4582    27.6163 29311200.0     0.0173     5.3497     5.3497     3.7434     0.9486  0.000e+00
   1049.854     4.9588    34.9229     5.0487  1032.4611    27.6190 29318400.0     0.0137     5.3700     5.3700     3.7576     0.8581  0.000e+00
   1049.661     4.9154    34.9244     5.0049  1032.4675    27.6252 29325600.0     0.0210     5.4058     5.4058     3.7827     0.9942  0.000e+00
   1049.545     4.8750    34.9259     4.9641  1032.4739    27.6310 29332800.0     0.0105     5.4619     5.4619     3.8219     1.0459  0.000e+00
   1049.464     4.8697    34.9260     4.9588  1032.4744    27.6317 29340000.0     0.0095     5.4584     5.4584     3.8194     0.9083  0.000e+00
   1049.451     4.8810    34.9254     4.9702  1032.4722    27.6299 29347200.0     0.0173     5.4423     5.4423     3.8082     0.9526  0.000e+00
   1049.530     4.8833    34.9256     4.9725  1032.4724    27.6298 29354400.0     0.0210     5.4474     5.4474     3.8118     1.1003  0.000e+00
   1049.716     4.8701    34.9261     4.9592  1032.4756    27.6318 29361600.0     0.0127     5.4532     5.4532     3.8158     1.0014  0.000e+00
   1049.781     4.8962    34.9256     4.9855  1032.4717    27.6283 29368800.0     0.0150     5.4374     5.4374     3.8048     0.7861  0.000e+00
   1049.916     4.9002    34.9251     4.9896  1032.4714    27.6275 29376000.0     0.0196     5.4362     5.4362     3.8039     0.7623  0.000e+00
   1050.052     4.8488    34.9266     4.9378  1032.4805    27.6346 29383200.0     0.0091     5.4940     5.4940     3.8444     0.8927  0.000e+00
   1050.024     4.9822    34.9217     5.0723  1032.4575    27.6153 29390400.0     0.0109     5.3528     5.3528     3.7456     0.9165  0.000e+00
   1049.958     4.9679    34.9224     5.0579  1032.4598    27.6175 29397600.0     0.0155     5.3605     5.3605     3.7510     0.8628  0.000e+00
   1049.790     4.9947    34.9206     5.0848  1032.4538    27.6130 29404800.0     0.0164     5.3245     5.3245     3.7258     0.8747  0.000e+00
   1049.674     4.9077    34.9246     4.9971  1032.4689    27.6263 29412000.0     0.0127     5.4251     5.4251     3.7962     0.8775  0.000e+00
   1049.592     4.8809    34.9256     4.9701  1032.4730    27.6301 29419200.0     0.0091     5.4470     5.4470     3.8115     0.9172  0.000e+00
   1049.545     4.8788    34.9256     4.9680  1032.4732    27.6304 29426400.0     0.0178     5.4408     5.4408     3.8072     1.0235  0.000e+00
   1049.504     4.8768    34.9257     4.9659  1032.4733    27.6307 29433600.0     0.0150     5.4411     5.4411     3.8073     1.1372  0.000e+00
   1049.589     4.8645    34.9260     4.9535  1032.4757    27.6324 29440800.0     0.0091     5.4592     5.4592     3.8200     0.9246  0.000e+00
   1049.648     4.8885    34.9256     4.9778  1032.4722    27.6292 29448000.0     0.0118     5.4388     5.4388     3.8057     1.0319  0.000e+00
   1049.761     4.8857    34.9252     4.9750  1032.4729    27.6293 29455200.0     0.0118     5.4571     5.4571     3.8185     0.8674  0.000e+00
   1049.886     4.8767    34.9261     4.9659  1032.4754    27.6310 29462400.0     0.0127     5.4482     5.4482     3.8123     0.7832  0.000e+00
   1049.964     4.9010    34.9237     4.9904  1032.4704    27.6263 29469600.0     0.0169     5.4308     5.4308     3.8002     1.0406  0.000e+00
   1049.955     4.9241    34.9242     5.0137  1032.4675    27.6240 29476800.0     0.0150     5.4181     5.4181     3.7912     0.9226  0.000e+00
   1049.941     4.9720    34.9223     5.0620  1032.4591    27.6170 29484000.0     0.0205     5.3572     5.3572     3.7487     1.0034  0.000e+00
   1049.818     4.9820    34.9219     5.0720  1032.4567    27.6154 29491200.0     0.0178     5.3573     5.3573     3.7487     1.0185  0.000e+00
   1049.782     4.8682    34.9262     4.9573  1032.4762    27.6321 29498400.0     0.0164     5.4532     5.4532     3.8158     0.9965  0.000e+00
   1049.656     4.8870    34.9254     4.9763  1032.4723    27.6292 29505600.0     0.0114     5.4413     5.4413     3.8075     1.1624  0.000e+00
   1049.634     4.8830    34.9252     4.9723  1032.4727    27.6296 29512800.0     0.0109     5.4475     5.4475     3.8118     1.0122  0.000e+00
   1049.653     4.8758    34.9258     4.9649  1032.4743    27.6309 29520000.0     0.0100     5.4451     5.4451     3.8102     1.2190  0.000e+00
   1049.692     4.8784    34.9254     4.9676  1032.4738    27.6303 29527200.0     0.0182     5.4444     5.4444     3.8097     2.4061  0.000e+00
   1049.695     4.8744    34.9258     4.9636  1032.4746    27.6310 29534400.0     0.0169     5.4518     5.4518     3.8148     1.3447  0.000e+00
   1049.775     4.8558    34.9258     4.9448  1032.4776    27.6331 29541600.0     0.0164     5.4739     5.4739     3.8303     1.0220  0.000e+00
   1049.826     4.8548    34.9270     4.9438  1032.4789    27.6343 29548800.0     0.0031     5.4710     5.4710     3.8283     0.9779  0.000e+00
   1049.868     4.9395    34.9236     5.0292  1032.4644    27.6217 29556000.0     0.0178     5.3908     5.3908     3.7722     1.2077  0.000e+00
   1049.860     4.9840    34.9221     5.0740  1032.4568    27.6154 29563200.0     0.0164     5.3514     5.3514     3.7446     1.1228  0.000e+00
   1049.880     4.9880    34.9219     5.0781  1032.4562    27.6148 29570400.0     0.0159     5.3463     5.3463     3.7410     1.2065  0.000e+00
   1049.837     4.9697    34.9221     5.0597  1032.4588    27.6171 29577600.0     0.0141     5.3666     5.3666     3.7552     1.1679  0.000e+00
   1049.775     4.9865    34.9219     5.0765  1032.4559    27.6149 29584800.0     0.0191     5.3540     5.3540     3.7464     1.2532  0.000e+00
   1049.719     4.8456    34.9270     4.9345  1032.4797    27.6353 29592000.0     0.0068     5.4749     5.4749     3.8310     1.2136  0.000e+00
